0.39 0.69 0.03 0.16 0.76 0.24 0.58 0.12 
0.88 0.10 0.58 0.52 0.09 0.46 0.05 0.38 
0.84 0.28 0.36 0.62 0.39 0.92 0.60 0.28 
0.59 0.10 0.69 0.42 0.92 0.06 0.64 0.37 
0.29 0.73 0.07 0.11 0.90 0.95 0.10 0.49 
0.86 0.28 0.42 0.93 0.92 0.33 0.77 0.52 
0.79 0.14 0.22 0.18 0.79 0.44 0.20 0.87 
0.50 0.80 0.14 0.94 0.22 0.57 0.92 0.81 

+----+----+----+----+----+----+----+----+
|0.39|0.69|0.03|0.16|0.76|0.24|0.58|0.12|
+----+----+----+----+----+----+----+----+
|0.88|0.10|0.58|0.52|0.09|0.46|0.05|0.38|
+----+----+----+----+----+----+----+----+
|0.84|0.28|0.36|0.62|0.39|0.92|0.60|0.28|
+----+----+----+----+----+----+----+----+
|0.59|0.10|0.69|0.42|0.92|0.06|0.64|0.37|
+----+----+----+----+----+----+----+----+
|0.29|0.73|0.07|0.11|0.90|0.95|0.10|0.49|
+----+----+----+----+----+----+----+----+
|0.86|0.28|0.42|0.93|0.92|0.33|0.77|0.52|
+----+----+----+----+----+----+----+----+
|0.79|0.14|0.22|0.18|0.79|0.44|0.20|0.87|
+----+----+----+----+----+----+----+----+
|0.50|0.80|0.14|0.94|0.22|0.57|0.92|0.81|
+----+----+----+----+----+----+----+----+

E(0) = 43925.406250 
+----+----+----+----+----+----+----+----+
|0.39|0.69|0.03|0.16|0.76|0.24|0.58|0.12|
+----+----+----+----+----+----+----+----+
|0.88|0.10|0.58|0.52|0.09|0.46|0.05|0.38|
+----+----+----+----+----+----+----+----+
|0.84|0.28|0.36|0.62|0.39|0.92|0.60|0.28|
+----+----+----+----+----+----+----+----+
|0.59|0.10|0.69|0.42|0.92|0.06|0.64|0.37|
+----+----+----+----+----+----+----+----+
|0.29|0.73|0.07|0.11|0.90|0.95|0.10|0.49|
+----+----+----+----+----+----+----+----+
|0.86|0.28|0.42|0.93|0.92|0.33|0.77|0.52|
+----+----+----+----+----+----+----+----+
|0.79|0.14|0.22|0.18|0.79|0.44|0.20|0.87|
+----+----+----+----+----+----+----+----+
|0.50|0.80|0.14|0.94|0.22|0.57|0.92|0.81|
+----+----+----+----+----+----+----+----+


E(100) = 748.201660 
+----+----+----+----+----+----+----+----+
|0.00|0.00|0.00|0.00|0.76|0.24|0.00|0.12|
+----+----+----+----+----+----+----+----+
|0.00|0.10|0.00|0.00|0.00|0.00|0.00|0.00|
+----+----+----+----+----+----+----+----+
|0.84|0.28|0.00|0.00|0.00|0.00|0.60|0.00|
+----+----+----+----+----+----+----+----+
|0.00|0.10|0.00|0.00|0.00|0.00|0.00|0.00|
+----+----+----+----+----+----+----+----+
|0.00|0.00|0.00|0.00|0.00|0.00|0.00|0.00|
+----+----+----+----+----+----+----+----+
|0.86|0.00|0.42|0.00|0.00|0.00|0.00|0.00|
+----+----+----+----+----+----+----+----+
|0.00|0.00|0.00|0.00|0.00|0.00|0.00|0.87|
+----+----+----+----+----+----+----+----+
|0.50|0.80|0.14|0.00|0.00|0.00|0.00|0.00|
+----+----+----+----+----+----+----+----+


E(200) = 366.042114 
+----+----+----+----+----+----+----+----+
|0.00|0.00|0.00|0.00|0.76|0.00|1.00|0.00|
+----+----+----+----+----+----+----+----+
|0.00|0.00|1.00|0.00|0.00|0.00|0.00|0.00|
+----+----+----+----+----+----+----+----+
|0.00|0.00|0.00|0.00|0.00|1.00|0.00|0.00|
+----+----+----+----+----+----+----+----+
|0.00|0.10|0.00|0.00|0.00|0.00|0.00|0.00|
+----+----+----+----+----+----+----+----+
|0.00|0.00|0.00|0.00|0.00|0.00|0.00|0.00|
+----+----+----+----+----+----+----+----+
|1.00|0.00|0.42|0.00|0.00|0.00|0.00|0.00|
+----+----+----+----+----+----+----+----+
|0.00|0.00|0.00|0.00|0.00|0.00|0.00|1.00|
+----+----+----+----+----+----+----+----+
|0.00|1.00|0.00|0.00|0.00|0.00|0.00|0.00|
+----+----+----+----+----+----+----+----+


E(300) = 286.131226 
+----+----+----+----+----+----+----+----+
|0.00|0.00|0.00|0.00|1.00|0.00|0.00|0.00|
+----+----+----+----+----+----+----+----+
|0.00|0.00|1.00|0.00|0.00|0.00|0.00|0.00|
+----+----+----+----+----+----+----+----+
|0.00|0.00|0.00|0.00|0.00|1.00|0.00|0.00|
+----+----+----+----+----+----+----+----+
|0.00|0.10|0.00|0.00|0.00|0.00|0.00|0.00|
+----+----+----+----+----+----+----+----+
|0.00|0.00|0.00|0.00|0.00|0.00|0.00|0.00|
+----+----+----+----+----+----+----+----+
|1.00|0.00|0.00|0.00|0.00|0.00|0.00|0.00|
+----+----+----+----+----+----+----+----+
|0.00|0.00|0.00|1.00|0.00|0.00|0.00|1.00|
+----+----+----+----+----+----+----+----+
|0.00|1.00|0.00|0.00|0.00|0.00|0.00|0.00|
+----+----+----+----+----+----+----+----+


E(400) = 203.125000 
+----+----+----+----+----+----+----+----+
|0.00|0.00|0.00|0.00|1.00|0.00|0.00|0.00|
+----+----+----+----+----+----+----+----+
|0.00|0.00|1.00|0.00|0.00|0.00|0.00|0.00|
+----+----+----+----+----+----+----+----+
|0.00|0.00|0.00|0.00|0.00|1.00|0.00|0.00|
+----+----+----+----+----+----+----+----+
|0.00|0.00|0.00|1.00|0.00|0.00|0.00|0.00|
+----+----+----+----+----+----+----+----+
|0.00|0.00|0.00|0.00|0.00|0.00|0.00|0.00|
+----+----+----+----+----+----+----+----+
|0.00|0.00|0.00|0.00|0.00|0.00|0.00|1.00|
+----+----+----+----+----+----+----+----+
|0.00|0.00|0.00|1.00|0.00|0.00|0.00|0.00|
+----+----+----+----+----+----+----+----+
|0.00|1.00|0.00|0.00|0.00|0.00|1.00|0.00|
+----+----+----+----+----+----+----+----+


E(500) = 203.125000 
+----+----+----+----+----+----+----+----+
|0.00|0.00|0.00|0.00|1.00|0.00|0.00|0.00|
+----+----+----+----+----+----+----+----+
|0.00|0.00|1.00|0.00|0.00|0.00|0.00|0.00|
+----+----+----+----+----+----+----+----+
|0.00|0.00|0.00|0.00|0.00|1.00|0.00|0.00|
+----+----+----+----+----+----+----+----+
|0.00|0.00|0.00|1.00|0.00|0.00|0.00|0.00|
+----+----+----+----+----+----+----+----+
|1.00|1.00|0.00|0.00|0.00|0.00|0.00|0.00|
+----+----+----+----+----+----+----+----+
|0.00|0.00|0.00|0.00|0.00|0.00|0.00|1.00|
+----+----+----+----+----+----+----+----+
|0.00|0.00|0.00|0.00|0.00|0.00|0.00|0.00|
+----+----+----+----+----+----+----+----+
|0.00|0.00|0.00|0.00|0.00|0.00|1.00|0.00|
+----+----+----+----+----+----+----+----+


E(600) = 103.125000 
+----+----+----+----+----+----+----+----+
|0.00|0.00|0.00|0.00|1.00|0.00|0.00|0.00|
+----+----+----+----+----+----+----+----+
|1.00|0.00|0.00|0.00|0.00|0.00|0.00|0.00|
+----+----+----+----+----+----+----+----+
|0.00|0.00|0.00|0.00|0.00|1.00|0.00|0.00|
+----+----+----+----+----+----+----+----+
|0.00|0.00|0.00|1.00|0.00|0.00|0.00|0.00|
+----+----+----+----+----+----+----+----+
|0.00|1.00|0.00|0.00|0.00|0.00|0.00|0.00|
+----+----+----+----+----+----+----+----+
|0.00|0.00|0.00|0.00|0.00|0.00|0.00|1.00|
+----+----+----+----+----+----+----+----+
|0.00|0.00|1.00|0.00|0.00|0.00|0.00|0.00|
+----+----+----+----+----+----+----+----+
|0.00|0.00|1.00|0.00|0.00|0.00|0.00|0.00|
+----+----+----+----+----+----+----+----+


E(700) = 78.125000 
+----+----+----+----+----+----+----+----+
|0.00|0.00|0.00|0.00|1.00|0.00|0.00|0.00|
+----+----+----+----+----+----+----+----+
|1.00|0.00|0.00|0.00|0.00|0.00|0.00|0.00|
+----+----+----+----+----+----+----+----+
|0.00|0.00|0.00|0.00|0.00|1.00|0.00|0.00|
+----+----+----+----+----+----+----+----+
|0.00|0.00|0.00|1.00|0.00|0.00|0.00|0.00|
+----+----+----+----+----+----+----+----+
|0.00|1.00|0.00|0.00|0.00|0.00|0.00|0.00|
+----+----+----+----+----+----+----+----+
|0.00|0.00|0.00|0.00|0.00|0.00|0.00|1.00|
+----+----+----+----+----+----+----+----+
|0.00|0.00|0.00|0.00|0.00|0.00|0.00|0.00|
+----+----+----+----+----+----+----+----+
|0.00|0.00|1.00|0.00|0.00|0.00|0.00|0.00|
+----+----+----+----+----+----+----+----+


E(800) = 103.125000 
+----+----+----+----+----+----+----+----+
|0.00|0.00|0.00|0.00|1.00|0.00|0.00|0.00|
+----+----+----+----+----+----+----+----+
|1.00|0.00|0.00|0.00|0.00|0.00|0.00|0.00|
+----+----+----+----+----+----+----+----+
|0.00|0.00|0.00|0.00|0.00|1.00|0.00|0.00|
+----+----+----+----+----+----+----+----+
|0.00|0.00|0.00|1.00|0.00|0.00|0.00|0.00|
+----+----+----+----+----+----+----+----+
|0.00|1.00|0.00|0.00|0.00|0.00|0.00|0.00|
+----+----+----+----+----+----+----+----+
|0.00|0.00|0.00|0.00|0.00|0.00|0.00|1.00|
+----+----+----+----+----+----+----+----+
|0.00|0.00|0.00|0.00|1.00|0.00|0.00|0.00|
+----+----+----+----+----+----+----+----+
|0.00|0.00|1.00|0.00|0.00|0.00|0.00|0.00|
+----+----+----+----+----+----+----+----+


E(900) = 103.125000 
+----+----+----+----+----+----+----+----+
|0.00|0.00|0.00|0.00|1.00|0.00|0.00|0.00|
+----+----+----+----+----+----+----+----+
|1.00|0.00|0.00|0.00|0.00|0.00|0.00|0.00|
+----+----+----+----+----+----+----+----+
|0.00|0.00|0.00|0.00|0.00|1.00|0.00|0.00|
+----+----+----+----+----+----+----+----+
|0.00|0.00|0.00|1.00|0.00|0.00|0.00|0.00|
+----+----+----+----+----+----+----+----+
|0.00|1.00|0.00|0.00|0.00|0.00|0.00|0.00|
+----+----+----+----+----+----+----+----+
|0.00|0.00|0.00|0.00|0.00|0.00|0.00|1.00|
+----+----+----+----+----+----+----+----+
|0.00|0.00|0.00|0.00|1.00|0.00|0.00|0.00|
+----+----+----+----+----+----+----+----+
|0.00|0.00|1.00|0.00|0.00|0.00|0.00|0.00|
+----+----+----+----+----+----+----+----+


E(1000) = 78.125000 
+----+----+----+----+----+----+----+----+
|0.00|0.00|0.00|0.00|1.00|0.00|0.00|0.00|
+----+----+----+----+----+----+----+----+
|1.00|0.00|0.00|0.00|0.00|0.00|0.00|0.00|
+----+----+----+----+----+----+----+----+
|0.00|0.00|0.00|0.00|0.00|1.00|0.00|0.00|
+----+----+----+----+----+----+----+----+
|0.00|0.00|0.00|1.00|0.00|0.00|0.00|0.00|
+----+----+----+----+----+----+----+----+
|0.00|1.00|0.00|0.00|0.00|0.00|0.00|0.00|
+----+----+----+----+----+----+----+----+
|0.00|0.00|0.00|0.00|0.00|0.00|0.00|1.00|
+----+----+----+----+----+----+----+----+
|0.00|0.00|0.00|0.00|0.00|0.00|0.00|0.00|
+----+----+----+----+----+----+----+----+
|0.00|0.00|1.00|0.00|0.00|0.00|0.00|0.00|
+----+----+----+----+----+----+----+----+


E(1100) = 103.125000 
+----+----+----+----+----+----+----+----+
|0.00|0.00|0.00|0.00|1.00|0.00|0.00|0.00|
+----+----+----+----+----+----+----+----+
|1.00|0.00|0.00|0.00|0.00|0.00|0.00|0.00|
+----+----+----+----+----+----+----+----+
|0.00|0.00|0.00|0.00|0.00|1.00|0.00|0.00|
+----+----+----+----+----+----+----+----+
|0.00|0.00|0.00|1.00|0.00|0.00|0.00|0.00|
+----+----+----+----+----+----+----+----+
|0.00|1.00|0.00|0.00|0.00|0.00|0.00|0.00|
+----+----+----+----+----+----+----+----+
|0.00|0.00|0.00|0.00|0.00|0.00|1.00|1.00|
+----+----+----+----+----+----+----+----+
|0.00|0.00|1.00|0.00|0.00|0.00|0.00|0.00|
+----+----+----+----+----+----+----+----+
|0.00|0.00|0.00|0.00|0.00|0.00|0.00|0.00|
+----+----+----+----+----+----+----+----+


E(1200) = 103.125000 
+----+----+----+----+----+----+----+----+
|0.00|0.00|0.00|0.00|1.00|0.00|0.00|0.00|
+----+----+----+----+----+----+----+----+
|1.00|0.00|0.00|0.00|0.00|0.00|0.00|0.00|
+----+----+----+----+----+----+----+----+
|0.00|0.00|0.00|0.00|0.00|1.00|0.00|0.00|
+----+----+----+----+----+----+----+----+
|0.00|0.00|0.00|1.00|0.00|0.00|0.00|0.00|
+----+----+----+----+----+----+----+----+
|0.00|1.00|0.00|0.00|0.00|0.00|0.00|0.00|
+----+----+----+----+----+----+----+----+
|0.00|0.00|0.00|0.00|0.00|0.00|1.00|0.00|
+----+----+----+----+----+----+----+----+
|0.00|0.00|0.00|0.00|0.00|0.00|0.00|1.00|
+----+----+----+----+----+----+----+----+
|0.00|0.00|1.00|0.00|0.00|0.00|0.00|0.00|
+----+----+----+----+----+----+----+----+


E(1300) = 78.125000 
+----+----+----+----+----+----+----+----+
|0.00|0.00|0.00|0.00|1.00|0.00|0.00|0.00|
+----+----+----+----+----+----+----+----+
|1.00|0.00|0.00|0.00|0.00|0.00|0.00|0.00|
+----+----+----+----+----+----+----+----+
|0.00|0.00|0.00|0.00|0.00|1.00|0.00|0.00|
+----+----+----+----+----+----+----+----+
|0.00|0.00|0.00|1.00|0.00|0.00|0.00|0.00|
+----+----+----+----+----+----+----+----+
|0.00|1.00|0.00|0.00|0.00|0.00|0.00|0.00|
+----+----+----+----+----+----+----+----+
|0.00|0.00|0.00|0.00|0.00|0.00|0.00|1.00|
+----+----+----+----+----+----+----+----+
|0.00|0.00|0.00|0.00|0.00|0.00|0.00|0.00|
+----+----+----+----+----+----+----+----+
|0.00|0.00|1.00|0.00|0.00|0.00|0.00|0.00|
+----+----+----+----+----+----+----+----+


E(1400) = 103.125000 
+----+----+----+----+----+----+----+----+
|0.00|0.00|0.00|0.00|1.00|0.00|0.00|0.00|
+----+----+----+----+----+----+----+----+
|1.00|0.00|0.00|0.00|0.00|0.00|0.00|0.00|
+----+----+----+----+----+----+----+----+
|0.00|0.00|0.00|0.00|0.00|1.00|0.00|0.00|
+----+----+----+----+----+----+----+----+
|0.00|0.00|0.00|1.00|0.00|0.00|0.00|0.00|
+----+----+----+----+----+----+----+----+
|0.00|1.00|0.00|0.00|0.00|0.00|0.00|0.00|
+----+----+----+----+----+----+----+----+
|0.00|0.00|0.00|0.00|0.00|0.00|0.00|1.00|
+----+----+----+----+----+----+----+----+
|0.00|0.00|0.00|0.00|0.00|0.00|0.00|1.00|
+----+----+----+----+----+----+----+----+
|0.00|0.00|1.00|0.00|0.00|0.00|0.00|0.00|
+----+----+----+----+----+----+----+----+


E(1500) = 103.125000 
+----+----+----+----+----+----+----+----+
|0.00|0.00|0.00|0.00|1.00|0.00|0.00|0.00|
+----+----+----+----+----+----+----+----+
|1.00|0.00|0.00|0.00|0.00|0.00|0.00|0.00|
+----+----+----+----+----+----+----+----+
|0.00|0.00|0.00|0.00|0.00|1.00|0.00|0.00|
+----+----+----+----+----+----+----+----+
|0.00|0.00|0.00|1.00|0.00|0.00|0.00|0.00|
+----+----+----+----+----+----+----+----+
|0.00|1.00|0.00|0.00|0.00|0.00|0.00|0.00|
+----+----+----+----+----+----+----+----+
|0.00|0.00|0.00|0.00|0.00|0.00|0.00|1.00|
+----+----+----+----+----+----+----+----+
|0.00|0.00|0.00|0.00|0.00|0.00|0.00|1.00|
+----+----+----+----+----+----+----+----+
|0.00|0.00|1.00|0.00|0.00|0.00|0.00|0.00|
+----+----+----+----+----+----+----+----+


E(1600) = 103.125000 
+----+----+----+----+----+----+----+----+
|0.00|0.00|0.00|0.00|1.00|0.00|0.00|0.00|
+----+----+----+----+----+----+----+----+
|1.00|0.00|0.00|0.00|0.00|0.00|0.00|0.00|
+----+----+----+----+----+----+----+----+
|0.00|0.00|0.00|0.00|0.00|1.00|0.00|0.00|
+----+----+----+----+----+----+----+----+
|0.00|0.00|0.00|1.00|0.00|0.00|0.00|0.00|
+----+----+----+----+----+----+----+----+
|0.00|1.00|0.00|0.00|0.00|0.00|1.00|0.00|
+----+----+----+----+----+----+----+----+
|0.00|0.00|0.00|0.00|0.00|0.00|0.00|0.00|
+----+----+----+----+----+----+----+----+
|0.00|0.00|0.00|0.00|0.00|0.00|0.00|1.00|
+----+----+----+----+----+----+----+----+
|0.00|0.00|1.00|0.00|0.00|0.00|0.00|0.00|
+----+----+----+----+----+----+----+----+


E(1700) = 103.125000 
+----+----+----+----+----+----+----+----+
|0.00|0.00|0.00|0.00|1.00|0.00|0.00|0.00|
+----+----+----+----+----+----+----+----+
|1.00|0.00|0.00|0.00|0.00|0.00|0.00|0.00|
+----+----+----+----+----+----+----+----+
|0.00|0.00|0.00|0.00|0.00|1.00|0.00|0.00|
+----+----+----+----+----+----+----+----+
|0.00|0.00|0.00|1.00|0.00|0.00|0.00|0.00|
+----+----+----+----+----+----+----+----+
|0.00|1.00|0.00|0.00|0.00|0.00|1.00|0.00|
+----+----+----+----+----+----+----+----+
|0.00|0.00|0.00|0.00|0.00|0.00|0.00|0.00|
+----+----+----+----+----+----+----+----+
|0.00|0.00|0.00|0.00|0.00|0.00|0.00|1.00|
+----+----+----+----+----+----+----+----+
|0.00|0.00|1.00|0.00|0.00|0.00|0.00|0.00|
+----+----+----+----+----+----+----+----+


E(1800) = 103.125000 
+----+----+----+----+----+----+----+----+
|0.00|0.00|0.00|0.00|1.00|0.00|0.00|0.00|
+----+----+----+----+----+----+----+----+
|1.00|0.00|0.00|0.00|0.00|0.00|0.00|0.00|
+----+----+----+----+----+----+----+----+
|0.00|0.00|0.00|0.00|0.00|1.00|0.00|0.00|
+----+----+----+----+----+----+----+----+
|0.00|0.00|0.00|1.00|0.00|0.00|0.00|0.00|
+----+----+----+----+----+----+----+----+
|0.00|0.00|0.00|0.00|0.00|0.00|1.00|0.00|
+----+----+----+----+----+----+----+----+
|0.00|0.00|1.00|0.00|0.00|0.00|0.00|0.00|
+----+----+----+----+----+----+----+----+
|0.00|0.00|0.00|0.00|0.00|0.00|0.00|1.00|
+----+----+----+----+----+----+----+----+
|0.00|1.00|0.00|0.00|0.00|0.00|0.00|0.00|
+----+----+----+----+----+----+----+----+


E(1900) = 78.125000 
+----+----+----+----+----+----+----+----+
|0.00|0.00|0.00|0.00|1.00|0.00|0.00|0.00|
+----+----+----+----+----+----+----+----+
|1.00|0.00|0.00|0.00|0.00|0.00|0.00|0.00|
+----+----+----+----+----+----+----+----+
|0.00|0.00|0.00|0.00|0.00|1.00|0.00|0.00|
+----+----+----+----+----+----+----+----+
|0.00|0.00|0.00|1.00|0.00|0.00|0.00|0.00|
+----+----+----+----+----+----+----+----+
|0.00|0.00|0.00|0.00|0.00|0.00|1.00|0.00|
+----+----+----+----+----+----+----+----+
|0.00|0.00|0.00|0.00|0.00|0.00|0.00|0.00|
+----+----+----+----+----+----+----+----+
|0.00|0.00|0.00|0.00|0.00|0.00|0.00|1.00|
+----+----+----+----+----+----+----+----+
|0.00|1.00|0.00|0.00|0.00|0.00|0.00|0.00|
+----+----+----+----+----+----+----+----+


E(2000) = 103.125000 
+----+----+----+----+----+----+----+----+
|0.00|0.00|0.00|0.00|0.00|1.00|0.00|0.00|
+----+----+----+----+----+----+----+----+
|1.00|0.00|0.00|0.00|0.00|0.00|0.00|0.00|
+----+----+----+----+----+----+----+----+
|1.00|0.00|0.00|0.00|0.00|0.00|0.00|0.00|
+----+----+----+----+----+----+----+----+
|0.00|0.00|0.00|1.00|0.00|0.00|0.00|0.00|
+----+----+----+----+----+----+----+----+
|0.00|0.00|0.00|0.00|0.00|0.00|1.00|0.00|
+----+----+----+----+----+----+----+----+
|0.00|0.00|1.00|0.00|0.00|0.00|0.00|0.00|
+----+----+----+----+----+----+----+----+
|0.00|0.00|0.00|0.00|0.00|0.00|0.00|1.00|
+----+----+----+----+----+----+----+----+
|0.00|1.00|0.00|0.00|0.00|0.00|0.00|0.00|
+----+----+----+----+----+----+----+----+


E(2100) = 103.125000 
+----+----+----+----+----+----+----+----+
|0.00|0.00|0.00|0.00|0.00|0.00|0.00|0.00|
+----+----+----+----+----+----+----+----+
|0.00|0.00|0.00|0.00|1.00|0.00|0.00|0.00|
+----+----+----+----+----+----+----+----+
|1.00|0.00|0.00|0.00|0.00|0.00|0.00|0.00|
+----+----+----+----+----+----+----+----+
|0.00|0.00|0.00|1.00|0.00|0.00|0.00|0.00|
+----+----+----+----+----+----+----+----+
|0.00|0.00|0.00|0.00|0.00|0.00|1.00|0.00|
+----+----+----+----+----+----+----+----+
|0.00|0.00|1.00|0.00|0.00|0.00|0.00|0.00|
+----+----+----+----+----+----+----+----+
|0.00|0.00|0.00|0.00|0.00|1.00|0.00|1.00|
+----+----+----+----+----+----+----+----+
|0.00|1.00|0.00|0.00|0.00|0.00|0.00|0.00|
+----+----+----+----+----+----+----+----+


E(2200) = 103.125000 
+----+----+----+----+----+----+----+----+
|0.00|0.00|0.00|0.00|1.00|0.00|0.00|0.00|
+----+----+----+----+----+----+----+----+
|0.00|0.00|0.00|0.00|1.00|0.00|0.00|0.00|
+----+----+----+----+----+----+----+----+
|1.00|0.00|0.00|0.00|0.00|0.00|0.00|0.00|
+----+----+----+----+----+----+----+----+
|0.00|0.00|0.00|1.00|0.00|0.00|0.00|0.00|
+----+----+----+----+----+----+----+----+
|0.00|0.00|0.00|0.00|0.00|0.00|1.00|0.00|
+----+----+----+----+----+----+----+----+
|0.00|0.00|1.00|0.00|0.00|0.00|0.00|0.00|
+----+----+----+----+----+----+----+----+
|0.00|0.00|0.00|0.00|0.00|1.00|0.00|0.00|
+----+----+----+----+----+----+----+----+
|0.00|1.00|0.00|0.00|0.00|0.00|0.00|0.00|
+----+----+----+----+----+----+----+----+


E(2300) = 78.125000 
+----+----+----+----+----+----+----+----+
|0.00|0.00|0.00|0.00|0.00|0.00|0.00|0.00|
+----+----+----+----+----+----+----+----+
|0.00|0.00|0.00|0.00|1.00|0.00|0.00|0.00|
+----+----+----+----+----+----+----+----+
|1.00|0.00|0.00|0.00|0.00|0.00|0.00|0.00|
+----+----+----+----+----+----+----+----+
|0.00|0.00|0.00|1.00|0.00|0.00|0.00|0.00|
+----+----+----+----+----+----+----+----+
|0.00|0.00|0.00|0.00|0.00|0.00|1.00|0.00|
+----+----+----+----+----+----+----+----+
|0.00|0.00|1.00|0.00|0.00|0.00|0.00|0.00|
+----+----+----+----+----+----+----+----+
|0.00|0.00|0.00|0.00|0.00|1.00|0.00|0.00|
+----+----+----+----+----+----+----+----+
|0.00|1.00|0.00|0.00|0.00|0.00|0.00|0.00|
+----+----+----+----+----+----+----+----+


E(2400) = 103.125000 
+----+----+----+----+----+----+----+----+
|0.00|0.00|0.00|0.00|0.00|0.00|0.00|1.00|
+----+----+----+----+----+----+----+----+
|0.00|0.00|0.00|0.00|1.00|0.00|0.00|0.00|
+----+----+----+----+----+----+----+----+
|1.00|0.00|0.00|0.00|0.00|0.00|0.00|0.00|
+----+----+----+----+----+----+----+----+
|0.00|0.00|0.00|1.00|0.00|0.00|0.00|0.00|
+----+----+----+----+----+----+----+----+
|0.00|0.00|0.00|0.00|0.00|0.00|1.00|0.00|
+----+----+----+----+----+----+----+----+
|0.00|0.00|1.00|0.00|0.00|0.00|0.00|0.00|
+----+----+----+----+----+----+----+----+
|0.00|0.00|0.00|0.00|0.00|1.00|0.00|0.00|
+----+----+----+----+----+----+----+----+
|0.00|1.00|0.00|0.00|0.00|0.00|0.00|0.00|
+----+----+----+----+----+----+----+----+


E(2500) = 103.125000 
+----+----+----+----+----+----+----+----+
|0.00|1.00|0.00|0.00|0.00|0.00|0.00|0.00|
+----+----+----+----+----+----+----+----+
|0.00|0.00|0.00|0.00|1.00|0.00|0.00|0.00|
+----+----+----+----+----+----+----+----+
|1.00|0.00|0.00|0.00|0.00|0.00|0.00|0.00|
+----+----+----+----+----+----+----+----+
|0.00|0.00|0.00|1.00|0.00|0.00|0.00|0.00|
+----+----+----+----+----+----+----+----+
|0.00|0.00|0.00|0.00|0.00|0.00|1.00|0.00|
+----+----+----+----+----+----+----+----+
|0.00|0.00|0.00|0.00|0.00|0.00|0.00|1.00|
+----+----+----+----+----+----+----+----+
|0.00|0.00|0.00|0.00|0.00|1.00|0.00|0.00|
+----+----+----+----+----+----+----+----+
|0.00|0.00|1.00|0.00|0.00|0.00|0.00|0.00|
+----+----+----+----+----+----+----+----+


E(2600) = 78.125000 
+----+----+----+----+----+----+----+----+
|0.00|1.00|0.00|0.00|0.00|0.00|0.00|0.00|
+----+----+----+----+----+----+----+----+
|0.00|0.00|0.00|0.00|1.00|0.00|0.00|0.00|
+----+----+----+----+----+----+----+----+
|1.00|0.00|0.00|0.00|0.00|0.00|0.00|0.00|
+----+----+----+----+----+----+----+----+
|0.00|0.00|0.00|1.00|0.00|0.00|0.00|0.00|
+----+----+----+----+----+----+----+----+
|0.00|0.00|0.00|0.00|0.00|0.00|0.00|0.00|
+----+----+----+----+----+----+----+----+
|0.00|0.00|0.00|0.00|0.00|0.00|0.00|1.00|
+----+----+----+----+----+----+----+----+
|0.00|0.00|0.00|0.00|0.00|1.00|0.00|0.00|
+----+----+----+----+----+----+----+----+
|0.00|0.00|1.00|0.00|0.00|0.00|0.00|0.00|
+----+----+----+----+----+----+----+----+


E(2700) = 103.125000 
+----+----+----+----+----+----+----+----+
|0.00|0.00|0.00|0.00|0.00|0.00|0.00|1.00|
+----+----+----+----+----+----+----+----+
|0.00|0.00|0.00|0.00|1.00|0.00|0.00|0.00|
+----+----+----+----+----+----+----+----+
|1.00|0.00|0.00|0.00|0.00|0.00|0.00|0.00|
+----+----+----+----+----+----+----+----+
|0.00|0.00|0.00|1.00|0.00|0.00|0.00|0.00|
+----+----+----+----+----+----+----+----+
|0.00|0.00|0.00|0.00|0.00|0.00|1.00|0.00|
+----+----+----+----+----+----+----+----+
|0.00|0.00|0.00|0.00|0.00|0.00|0.00|0.00|
+----+----+----+----+----+----+----+----+
|0.00|0.00|0.00|0.00|0.00|1.00|0.00|0.00|
+----+----+----+----+----+----+----+----+
|0.00|1.00|1.00|0.00|0.00|0.00|0.00|0.00|
+----+----+----+----+----+----+----+----+


E(2800) = 103.125000 
+----+----+----+----+----+----+----+----+
|0.00|0.00|0.00|0.00|0.00|0.00|0.00|1.00|
+----+----+----+----+----+----+----+----+
|0.00|0.00|0.00|0.00|1.00|0.00|0.00|0.00|
+----+----+----+----+----+----+----+----+
|1.00|0.00|0.00|0.00|0.00|0.00|0.00|0.00|
+----+----+----+----+----+----+----+----+
|0.00|0.00|0.00|1.00|0.00|0.00|0.00|0.00|
+----+----+----+----+----+----+----+----+
|0.00|0.00|0.00|0.00|0.00|0.00|1.00|0.00|
+----+----+----+----+----+----+----+----+
|0.00|1.00|0.00|0.00|0.00|0.00|0.00|0.00|
+----+----+----+----+----+----+----+----+
|0.00|0.00|0.00|0.00|0.00|1.00|0.00|0.00|
+----+----+----+----+----+----+----+----+
|0.00|0.00|1.00|0.00|0.00|0.00|0.00|0.00|
+----+----+----+----+----+----+----+----+


E(2900) = 78.125000 
+----+----+----+----+----+----+----+----+
|0.00|0.00|0.00|0.00|0.00|0.00|0.00|1.00|
+----+----+----+----+----+----+----+----+
|0.00|0.00|0.00|0.00|1.00|0.00|0.00|0.00|
+----+----+----+----+----+----+----+----+
|1.00|0.00|0.00|0.00|0.00|0.00|0.00|0.00|
+----+----+----+----+----+----+----+----+
|0.00|0.00|0.00|0.00|0.00|0.00|0.00|0.00|
+----+----+----+----+----+----+----+----+
|0.00|0.00|0.00|0.00|0.00|0.00|1.00|0.00|
+----+----+----+----+----+----+----+----+
|0.00|1.00|0.00|0.00|0.00|0.00|0.00|0.00|
+----+----+----+----+----+----+----+----+
|0.00|0.00|0.00|0.00|0.00|1.00|0.00|0.00|
+----+----+----+----+----+----+----+----+
|0.00|0.00|1.00|0.00|0.00|0.00|0.00|0.00|
+----+----+----+----+----+----+----+----+


E(3000) = 78.125000 
+----+----+----+----+----+----+----+----+
|0.00|0.00|0.00|0.00|0.00|0.00|0.00|1.00|
+----+----+----+----+----+----+----+----+
|0.00|0.00|0.00|0.00|1.00|0.00|0.00|0.00|
+----+----+----+----+----+----+----+----+
|0.00|0.00|0.00|0.00|0.00|0.00|0.00|0.00|
+----+----+----+----+----+----+----+----+
|1.00|0.00|0.00|0.00|0.00|0.00|0.00|0.00|
+----+----+----+----+----+----+----+----+
|0.00|0.00|0.00|0.00|0.00|0.00|1.00|0.00|
+----+----+----+----+----+----+----+----+
|0.00|1.00|0.00|0.00|0.00|0.00|0.00|0.00|
+----+----+----+----+----+----+----+----+
|0.00|0.00|0.00|0.00|0.00|1.00|0.00|0.00|
+----+----+----+----+----+----+----+----+
|0.00|0.00|1.00|0.00|0.00|0.00|0.00|0.00|
+----+----+----+----+----+----+----+----+


E(3100) = 103.125000 
+----+----+----+----+----+----+----+----+
|0.00|1.00|0.00|0.00|0.00|0.00|0.00|1.00|
+----+----+----+----+----+----+----+----+
|0.00|0.00|0.00|0.00|1.00|0.00|0.00|0.00|
+----+----+----+----+----+----+----+----+
|0.00|0.00|0.00|0.00|0.00|0.00|0.00|0.00|
+----+----+----+----+----+----+----+----+
|1.00|0.00|0.00|0.00|0.00|0.00|0.00|0.00|
+----+----+----+----+----+----+----+----+
|0.00|0.00|0.00|0.00|0.00|0.00|1.00|0.00|
+----+----+----+----+----+----+----+----+
|0.00|0.00|0.00|1.00|0.00|0.00|0.00|0.00|
+----+----+----+----+----+----+----+----+
|0.00|0.00|0.00|0.00|0.00|1.00|0.00|0.00|
+----+----+----+----+----+----+----+----+
|0.00|0.00|1.00|0.00|0.00|0.00|0.00|0.00|
+----+----+----+----+----+----+----+----+


E(3200) = 78.125000 
+----+----+----+----+----+----+----+----+
|0.00|1.00|0.00|0.00|0.00|0.00|0.00|0.00|
+----+----+----+----+----+----+----+----+
|0.00|0.00|0.00|0.00|1.00|0.00|0.00|0.00|
+----+----+----+----+----+----+----+----+
|0.00|0.00|0.00|0.00|0.00|0.00|0.00|0.00|
+----+----+----+----+----+----+----+----+
|1.00|0.00|0.00|0.00|0.00|0.00|0.00|0.00|
+----+----+----+----+----+----+----+----+
|0.00|0.00|0.00|0.00|0.00|0.00|1.00|0.00|
+----+----+----+----+----+----+----+----+
|0.00|0.00|0.00|1.00|0.00|0.00|0.00|0.00|
+----+----+----+----+----+----+----+----+
|0.00|0.00|0.00|0.00|0.00|1.00|0.00|0.00|
+----+----+----+----+----+----+----+----+
|0.00|0.00|1.00|0.00|0.00|0.00|0.00|0.00|
+----+----+----+----+----+----+----+----+


E(3300) = 78.125000 
+----+----+----+----+----+----+----+----+
|0.00|1.00|0.00|0.00|0.00|0.00|0.00|0.00|
+----+----+----+----+----+----+----+----+
|0.00|0.00|0.00|0.00|1.00|0.00|0.00|0.00|
+----+----+----+----+----+----+----+----+
|0.00|0.00|0.00|0.00|0.00|0.00|0.00|1.00|
+----+----+----+----+----+----+----+----+
|0.00|0.00|0.00|0.00|0.00|0.00|0.00|0.00|
+----+----+----+----+----+----+----+----+
|0.00|0.00|0.00|0.00|0.00|0.00|1.00|0.00|
+----+----+----+----+----+----+----+----+
|0.00|0.00|0.00|1.00|0.00|0.00|0.00|0.00|
+----+----+----+----+----+----+----+----+
|0.00|0.00|0.00|0.00|0.00|1.00|0.00|0.00|
+----+----+----+----+----+----+----+----+
|1.00|0.00|0.00|0.00|0.00|0.00|0.00|0.00|
+----+----+----+----+----+----+----+----+


E(3400) = 103.125000 
+----+----+----+----+----+----+----+----+
|0.00|1.00|0.00|0.00|0.00|0.00|0.00|0.00|
+----+----+----+----+----+----+----+----+
|0.00|0.00|0.00|0.00|1.00|0.00|0.00|0.00|
+----+----+----+----+----+----+----+----+
|0.00|0.00|1.00|0.00|0.00|0.00|0.00|1.00|
+----+----+----+----+----+----+----+----+
|0.00|0.00|0.00|0.00|0.00|0.00|0.00|0.00|
+----+----+----+----+----+----+----+----+
|0.00|0.00|0.00|0.00|0.00|0.00|1.00|0.00|
+----+----+----+----+----+----+----+----+
|0.00|0.00|0.00|1.00|0.00|0.00|0.00|0.00|
+----+----+----+----+----+----+----+----+
|0.00|0.00|0.00|0.00|0.00|1.00|0.00|0.00|
+----+----+----+----+----+----+----+----+
|1.00|0.00|0.00|0.00|0.00|0.00|0.00|0.00|
+----+----+----+----+----+----+----+----+


E(3500) = 103.125000 
+----+----+----+----+----+----+----+----+
|0.00|1.00|0.00|0.00|0.00|0.00|0.00|0.00|
+----+----+----+----+----+----+----+----+
|0.00|0.00|0.00|0.00|1.00|0.00|0.00|0.00|
+----+----+----+----+----+----+----+----+
|0.00|0.00|1.00|0.00|0.00|0.00|0.00|0.00|
+----+----+----+----+----+----+----+----+
|0.00|0.00|0.00|0.00|0.00|0.00|0.00|1.00|
+----+----+----+----+----+----+----+----+
|0.00|0.00|0.00|0.00|0.00|0.00|1.00|0.00|
+----+----+----+----+----+----+----+----+
|0.00|0.00|0.00|1.00|0.00|0.00|0.00|0.00|
+----+----+----+----+----+----+----+----+
|0.00|0.00|0.00|0.00|0.00|1.00|0.00|0.00|
+----+----+----+----+----+----+----+----+
|1.00|0.00|0.00|0.00|0.00|0.00|0.00|0.00|
+----+----+----+----+----+----+----+----+


E(3600) = 103.125000 
+----+----+----+----+----+----+----+----+
|0.00|0.00|0.00|0.00|0.00|0.00|1.00|0.00|
+----+----+----+----+----+----+----+----+
|0.00|0.00|0.00|0.00|1.00|0.00|0.00|0.00|
+----+----+----+----+----+----+----+----+
|0.00|0.00|1.00|0.00|0.00|0.00|0.00|0.00|
+----+----+----+----+----+----+----+----+
|0.00|0.00|0.00|0.00|0.00|0.00|0.00|1.00|
+----+----+----+----+----+----+----+----+
|0.00|0.00|0.00|0.00|0.00|1.00|0.00|0.00|
+----+----+----+----+----+----+----+----+
|0.00|0.00|0.00|1.00|0.00|0.00|0.00|0.00|
+----+----+----+----+----+----+----+----+
|0.00|0.00|0.00|0.00|0.00|1.00|0.00|0.00|
+----+----+----+----+----+----+----+----+
|1.00|0.00|0.00|0.00|0.00|0.00|0.00|0.00|
+----+----+----+----+----+----+----+----+


E(3700) = 78.125000 
+----+----+----+----+----+----+----+----+
|0.00|0.00|0.00|0.00|0.00|0.00|1.00|0.00|
+----+----+----+----+----+----+----+----+
|0.00|0.00|0.00|0.00|1.00|0.00|0.00|0.00|
+----+----+----+----+----+----+----+----+
|0.00|0.00|1.00|0.00|0.00|0.00|0.00|0.00|
+----+----+----+----+----+----+----+----+
|0.00|0.00|0.00|0.00|0.00|0.00|0.00|1.00|
+----+----+----+----+----+----+----+----+
|0.00|0.00|0.00|0.00|0.00|0.00|0.00|0.00|
+----+----+----+----+----+----+----+----+
|0.00|0.00|0.00|1.00|0.00|0.00|0.00|0.00|
+----+----+----+----+----+----+----+----+
|0.00|0.00|0.00|0.00|0.00|1.00|0.00|0.00|
+----+----+----+----+----+----+----+----+
|1.00|0.00|0.00|0.00|0.00|0.00|0.00|0.00|
+----+----+----+----+----+----+----+----+


E(3800) = 103.125000 
+----+----+----+----+----+----+----+----+
|0.00|1.00|0.00|0.00|0.00|0.00|1.00|0.00|
+----+----+----+----+----+----+----+----+
|0.00|0.00|0.00|0.00|1.00|0.00|0.00|0.00|
+----+----+----+----+----+----+----+----+
|0.00|0.00|1.00|0.00|0.00|0.00|0.00|0.00|
+----+----+----+----+----+----+----+----+
|0.00|0.00|0.00|0.00|0.00|0.00|0.00|1.00|
+----+----+----+----+----+----+----+----+
|0.00|0.00|0.00|0.00|0.00|0.00|0.00|0.00|
+----+----+----+----+----+----+----+----+
|0.00|0.00|0.00|1.00|0.00|0.00|0.00|0.00|
+----+----+----+----+----+----+----+----+
|0.00|0.00|0.00|0.00|0.00|1.00|0.00|0.00|
+----+----+----+----+----+----+----+----+
|1.00|0.00|0.00|0.00|0.00|0.00|0.00|0.00|
+----+----+----+----+----+----+----+----+


E(3900) = 103.125000 
+----+----+----+----+----+----+----+----+
|0.00|0.00|0.00|0.00|0.00|0.00|1.00|0.00|
+----+----+----+----+----+----+----+----+
|0.00|0.00|0.00|0.00|1.00|0.00|0.00|0.00|
+----+----+----+----+----+----+----+----+
|0.00|0.00|1.00|0.00|0.00|0.00|0.00|0.00|
+----+----+----+----+----+----+----+----+
|0.00|0.00|0.00|0.00|0.00|0.00|0.00|1.00|
+----+----+----+----+----+----+----+----+
|0.00|0.00|0.00|0.00|0.00|1.00|0.00|0.00|
+----+----+----+----+----+----+----+----+
|0.00|0.00|0.00|1.00|0.00|0.00|0.00|0.00|
+----+----+----+----+----+----+----+----+
|0.00|0.00|0.00|0.00|0.00|1.00|0.00|0.00|
+----+----+----+----+----+----+----+----+
|1.00|0.00|0.00|0.00|0.00|0.00|0.00|0.00|
+----+----+----+----+----+----+----+----+


E(4000) = 78.125000 
+----+----+----+----+----+----+----+----+
|0.00|0.00|0.00|0.00|0.00|0.00|1.00|0.00|
+----+----+----+----+----+----+----+----+
|0.00|0.00|0.00|0.00|0.00|0.00|0.00|0.00|
+----+----+----+----+----+----+----+----+
|0.00|0.00|1.00|0.00|0.00|0.00|0.00|0.00|
+----+----+----+----+----+----+----+----+
|0.00|0.00|0.00|0.00|0.00|0.00|0.00|1.00|
+----+----+----+----+----+----+----+----+
|0.00|1.00|0.00|0.00|0.00|0.00|0.00|0.00|
+----+----+----+----+----+----+----+----+
|0.00|0.00|0.00|1.00|0.00|0.00|0.00|0.00|
+----+----+----+----+----+----+----+----+
|0.00|0.00|0.00|0.00|0.00|1.00|0.00|0.00|
+----+----+----+----+----+----+----+----+
|1.00|0.00|0.00|0.00|0.00|0.00|0.00|0.00|
+----+----+----+----+----+----+----+----+


E(4100) = 103.125000 
+----+----+----+----+----+----+----+----+
|1.00|0.00|0.00|0.00|0.00|0.00|0.00|0.00|
+----+----+----+----+----+----+----+----+
|0.00|0.00|1.00|0.00|0.00|0.00|0.00|0.00|
+----+----+----+----+----+----+----+----+
|0.00|0.00|0.00|0.00|1.00|0.00|0.00|0.00|
+----+----+----+----+----+----+----+----+
|0.00|0.00|0.00|0.00|0.00|0.00|0.00|1.00|
+----+----+----+----+----+----+----+----+
|0.00|1.00|0.00|0.00|0.00|0.00|0.00|0.00|
+----+----+----+----+----+----+----+----+
|0.00|0.00|0.00|1.00|0.00|0.00|0.00|0.00|
+----+----+----+----+----+----+----+----+
|0.00|0.00|0.00|0.00|0.00|1.00|0.00|0.00|
+----+----+----+----+----+----+----+----+
|1.00|0.00|0.00|0.00|0.00|0.00|0.00|0.00|
+----+----+----+----+----+----+----+----+


E(4200) = 103.125000 
+----+----+----+----+----+----+----+----+
|0.00|0.00|0.00|0.00|0.00|0.00|0.00|0.00|
+----+----+----+----+----+----+----+----+
|0.00|0.00|1.00|0.00|0.00|0.00|0.00|0.00|
+----+----+----+----+----+----+----+----+
|0.00|0.00|0.00|0.00|1.00|0.00|0.00|0.00|
+----+----+----+----+----+----+----+----+
|0.00|0.00|0.00|0.00|0.00|0.00|1.00|1.00|
+----+----+----+----+----+----+----+----+
|0.00|1.00|0.00|0.00|0.00|0.00|0.00|0.00|
+----+----+----+----+----+----+----+----+
|0.00|0.00|0.00|1.00|0.00|0.00|0.00|0.00|
+----+----+----+----+----+----+----+----+
|0.00|0.00|0.00|0.00|0.00|1.00|0.00|0.00|
+----+----+----+----+----+----+----+----+
|1.00|0.00|0.00|0.00|0.00|0.00|0.00|0.00|
+----+----+----+----+----+----+----+----+


E(4300) = 103.125000 
+----+----+----+----+----+----+----+----+
|1.00|0.00|0.00|0.00|0.00|0.00|0.00|0.00|
+----+----+----+----+----+----+----+----+
|0.00|0.00|1.00|0.00|0.00|0.00|0.00|0.00|
+----+----+----+----+----+----+----+----+
|0.00|0.00|0.00|0.00|1.00|0.00|0.00|0.00|
+----+----+----+----+----+----+----+----+
|0.00|0.00|0.00|0.00|0.00|0.00|0.00|1.00|
+----+----+----+----+----+----+----+----+
|0.00|1.00|0.00|0.00|0.00|0.00|0.00|0.00|
+----+----+----+----+----+----+----+----+
|0.00|0.00|0.00|1.00|0.00|0.00|0.00|0.00|
+----+----+----+----+----+----+----+----+
|0.00|0.00|0.00|0.00|0.00|1.00|0.00|0.00|
+----+----+----+----+----+----+----+----+
|1.00|0.00|0.00|0.00|0.00|0.00|0.00|0.00|
+----+----+----+----+----+----+----+----+


E(4400) = 103.125000 
+----+----+----+----+----+----+----+----+
|1.00|0.00|0.00|0.00|0.00|0.00|0.00|0.00|
+----+----+----+----+----+----+----+----+
|0.00|0.00|1.00|0.00|0.00|0.00|0.00|0.00|
+----+----+----+----+----+----+----+----+
|0.00|0.00|0.00|0.00|1.00|0.00|0.00|0.00|
+----+----+----+----+----+----+----+----+
|0.00|0.00|0.00|0.00|0.00|0.00|0.00|1.00|
+----+----+----+----+----+----+----+----+
|0.00|1.00|0.00|0.00|0.00|0.00|0.00|0.00|
+----+----+----+----+----+----+----+----+
|0.00|0.00|0.00|1.00|0.00|0.00|0.00|0.00|
+----+----+----+----+----+----+----+----+
|0.00|0.00|0.00|0.00|0.00|1.00|0.00|0.00|
+----+----+----+----+----+----+----+----+
|1.00|0.00|0.00|0.00|0.00|0.00|0.00|0.00|
+----+----+----+----+----+----+----+----+


E(4500) = 103.125000 
+----+----+----+----+----+----+----+----+
|1.00|0.00|0.00|0.00|0.00|0.00|0.00|0.00|
+----+----+----+----+----+----+----+----+
|0.00|0.00|1.00|0.00|0.00|0.00|0.00|0.00|
+----+----+----+----+----+----+----+----+
|0.00|0.00|0.00|0.00|1.00|0.00|0.00|0.00|
+----+----+----+----+----+----+----+----+
|0.00|0.00|0.00|0.00|0.00|0.00|0.00|1.00|
+----+----+----+----+----+----+----+----+
|0.00|1.00|0.00|0.00|0.00|0.00|0.00|0.00|
+----+----+----+----+----+----+----+----+
|0.00|0.00|0.00|1.00|0.00|0.00|0.00|0.00|
+----+----+----+----+----+----+----+----+
|0.00|0.00|0.00|0.00|0.00|1.00|0.00|0.00|
+----+----+----+----+----+----+----+----+
|1.00|0.00|0.00|0.00|0.00|0.00|0.00|0.00|
+----+----+----+----+----+----+----+----+


E(4600) = 103.125000 
+----+----+----+----+----+----+----+----+
|1.00|0.00|0.00|0.00|0.00|0.00|0.00|0.00|
+----+----+----+----+----+----+----+----+
|0.00|0.00|1.00|0.00|0.00|0.00|0.00|0.00|
+----+----+----+----+----+----+----+----+
|0.00|0.00|0.00|0.00|1.00|0.00|0.00|0.00|
+----+----+----+----+----+----+----+----+
|0.00|0.00|0.00|0.00|0.00|0.00|0.00|1.00|
+----+----+----+----+----+----+----+----+
|0.00|1.00|0.00|0.00|0.00|0.00|0.00|0.00|
+----+----+----+----+----+----+----+----+
|0.00|0.00|0.00|1.00|0.00|0.00|0.00|0.00|
+----+----+----+----+----+----+----+----+
|0.00|0.00|0.00|0.00|0.00|1.00|0.00|0.00|
+----+----+----+----+----+----+----+----+
|1.00|0.00|0.00|0.00|0.00|0.00|0.00|0.00|
+----+----+----+----+----+----+----+----+


E(4700) = 103.125000 
+----+----+----+----+----+----+----+----+
|1.00|0.00|0.00|0.00|0.00|0.00|0.00|0.00|
+----+----+----+----+----+----+----+----+
|0.00|0.00|1.00|0.00|0.00|0.00|0.00|0.00|
+----+----+----+----+----+----+----+----+
|0.00|0.00|0.00|0.00|1.00|0.00|0.00|0.00|
+----+----+----+----+----+----+----+----+
|0.00|0.00|0.00|0.00|0.00|0.00|1.00|1.00|
+----+----+----+----+----+----+----+----+
|0.00|1.00|0.00|0.00|0.00|0.00|0.00|0.00|
+----+----+----+----+----+----+----+----+
|0.00|0.00|0.00|1.00|0.00|0.00|0.00|0.00|
+----+----+----+----+----+----+----+----+
|0.00|0.00|0.00|0.00|0.00|1.00|0.00|0.00|
+----+----+----+----+----+----+----+----+
|0.00|0.00|0.00|0.00|0.00|0.00|0.00|0.00|
+----+----+----+----+----+----+----+----+


E(4800) = 78.125000 
+----+----+----+----+----+----+----+----+
|0.00|0.00|0.00|0.00|0.00|0.00|0.00|1.00|
+----+----+----+----+----+----+----+----+
|0.00|0.00|1.00|0.00|0.00|0.00|0.00|0.00|
+----+----+----+----+----+----+----+----+
|0.00|0.00|0.00|0.00|1.00|0.00|0.00|0.00|
+----+----+----+----+----+----+----+----+
|0.00|0.00|0.00|0.00|0.00|0.00|1.00|0.00|
+----+----+----+----+----+----+----+----+
|0.00|1.00|0.00|0.00|0.00|0.00|0.00|0.00|
+----+----+----+----+----+----+----+----+
|0.00|0.00|0.00|0.00|0.00|0.00|0.00|0.00|
+----+----+----+----+----+----+----+----+
|0.00|0.00|0.00|0.00|0.00|1.00|0.00|0.00|
+----+----+----+----+----+----+----+----+
|0.00|0.00|0.00|1.00|0.00|0.00|0.00|0.00|
+----+----+----+----+----+----+----+----+


E(4900) = 103.125000 
+----+----+----+----+----+----+----+----+
|0.00|0.00|0.00|0.00|0.00|0.00|0.00|1.00|
+----+----+----+----+----+----+----+----+
|0.00|0.00|1.00|0.00|0.00|0.00|0.00|0.00|
+----+----+----+----+----+----+----+----+
|0.00|0.00|0.00|0.00|1.00|0.00|0.00|0.00|
+----+----+----+----+----+----+----+----+
|0.00|0.00|0.00|0.00|0.00|0.00|1.00|0.00|
+----+----+----+----+----+----+----+----+
|0.00|1.00|0.00|0.00|0.00|0.00|0.00|0.00|
+----+----+----+----+----+----+----+----+
|1.00|0.00|0.00|0.00|0.00|0.00|0.00|0.00|
+----+----+----+----+----+----+----+----+
|0.00|0.00|0.00|0.00|0.00|1.00|0.00|0.00|
+----+----+----+----+----+----+----+----+
|0.00|0.00|0.00|1.00|0.00|0.00|0.00|0.00|
+----+----+----+----+----+----+----+----+


E(5000) = 103.125000 
+----+----+----+----+----+----+----+----+
|1.00|0.00|0.00|0.00|0.00|0.00|0.00|1.00|
+----+----+----+----+----+----+----+----+
|0.00|0.00|1.00|0.00|0.00|0.00|0.00|0.00|
+----+----+----+----+----+----+----+----+
|0.00|0.00|0.00|0.00|1.00|0.00|0.00|0.00|
+----+----+----+----+----+----+----+----+
|0.00|0.00|0.00|0.00|0.00|0.00|1.00|0.00|
+----+----+----+----+----+----+----+----+
|0.00|1.00|0.00|0.00|0.00|0.00|0.00|0.00|
+----+----+----+----+----+----+----+----+
|0.00|0.00|0.00|1.00|0.00|0.00|0.00|0.00|
+----+----+----+----+----+----+----+----+
|0.00|0.00|0.00|0.00|0.00|1.00|0.00|0.00|
+----+----+----+----+----+----+----+----+
|0.00|0.00|0.00|0.00|0.00|0.00|0.00|0.00|
+----+----+----+----+----+----+----+----+


E(5100) = 103.125000 
+----+----+----+----+----+----+----+----+
|1.00|0.00|0.00|0.00|0.00|0.00|0.00|1.00|
+----+----+----+----+----+----+----+----+
|0.00|0.00|1.00|0.00|0.00|0.00|0.00|0.00|
+----+----+----+----+----+----+----+----+
|0.00|0.00|0.00|0.00|1.00|0.00|0.00|0.00|
+----+----+----+----+----+----+----+----+
|0.00|0.00|0.00|0.00|0.00|0.00|1.00|0.00|
+----+----+----+----+----+----+----+----+
|0.00|1.00|0.00|0.00|0.00|0.00|0.00|0.00|
+----+----+----+----+----+----+----+----+
|0.00|0.00|0.00|1.00|0.00|0.00|0.00|0.00|
+----+----+----+----+----+----+----+----+
|0.00|0.00|0.00|0.00|0.00|1.00|0.00|0.00|
+----+----+----+----+----+----+----+----+
|0.00|0.00|0.00|0.00|0.00|0.00|0.00|0.00|
+----+----+----+----+----+----+----+----+


E(5200) = 78.125000 
+----+----+----+----+----+----+----+----+
|1.00|0.00|0.00|0.00|0.00|0.00|0.00|0.00|
+----+----+----+----+----+----+----+----+
|0.00|0.00|1.00|0.00|0.00|0.00|0.00|0.00|
+----+----+----+----+----+----+----+----+
|0.00|0.00|0.00|0.00|1.00|0.00|0.00|0.00|
+----+----+----+----+----+----+----+----+
|0.00|0.00|0.00|0.00|0.00|0.00|1.00|0.00|
+----+----+----+----+----+----+----+----+
|0.00|1.00|0.00|0.00|0.00|0.00|0.00|0.00|
+----+----+----+----+----+----+----+----+
|0.00|0.00|0.00|1.00|0.00|0.00|0.00|0.00|
+----+----+----+----+----+----+----+----+
|0.00|0.00|0.00|0.00|0.00|1.00|0.00|0.00|
+----+----+----+----+----+----+----+----+
|0.00|0.00|0.00|0.00|0.00|0.00|0.00|0.00|
+----+----+----+----+----+----+----+----+


E(5300) = 103.125000 
+----+----+----+----+----+----+----+----+
|1.00|0.00|0.00|0.00|0.00|0.00|0.00|0.00|
+----+----+----+----+----+----+----+----+
|0.00|0.00|1.00|0.00|0.00|0.00|0.00|0.00|
+----+----+----+----+----+----+----+----+
|0.00|0.00|0.00|0.00|1.00|0.00|0.00|0.00|
+----+----+----+----+----+----+----+----+
|0.00|0.00|0.00|0.00|0.00|0.00|1.00|1.00|
+----+----+----+----+----+----+----+----+
|0.00|1.00|0.00|0.00|0.00|0.00|0.00|0.00|
+----+----+----+----+----+----+----+----+
|0.00|0.00|0.00|1.00|0.00|0.00|0.00|0.00|
+----+----+----+----+----+----+----+----+
|0.00|0.00|0.00|0.00|0.00|1.00|0.00|0.00|
+----+----+----+----+----+----+----+----+
|0.00|0.00|0.00|0.00|0.00|0.00|0.00|0.00|
+----+----+----+----+----+----+----+----+


E(5400) = 103.125000 
+----+----+----+----+----+----+----+----+
|1.00|0.00|0.00|0.00|0.00|0.00|0.00|1.00|
+----+----+----+----+----+----+----+----+
|0.00|0.00|1.00|0.00|0.00|0.00|0.00|0.00|
+----+----+----+----+----+----+----+----+
|0.00|0.00|0.00|0.00|1.00|0.00|0.00|0.00|
+----+----+----+----+----+----+----+----+
|0.00|0.00|0.00|0.00|0.00|0.00|1.00|0.00|
+----+----+----+----+----+----+----+----+
|0.00|1.00|0.00|0.00|0.00|0.00|0.00|0.00|
+----+----+----+----+----+----+----+----+
|0.00|0.00|0.00|1.00|0.00|0.00|0.00|0.00|
+----+----+----+----+----+----+----+----+
|0.00|0.00|0.00|0.00|0.00|1.00|0.00|0.00|
+----+----+----+----+----+----+----+----+
|0.00|0.00|0.00|0.00|0.00|0.00|0.00|0.00|
+----+----+----+----+----+----+----+----+


E(5500) = 103.125000 
+----+----+----+----+----+----+----+----+
|0.00|0.00|0.00|0.00|0.00|0.00|0.00|1.00|
+----+----+----+----+----+----+----+----+
|0.00|0.00|1.00|0.00|0.00|0.00|0.00|0.00|
+----+----+----+----+----+----+----+----+
|0.00|0.00|0.00|0.00|1.00|0.00|0.00|0.00|
+----+----+----+----+----+----+----+----+
|0.00|0.00|0.00|0.00|0.00|0.00|1.00|0.00|
+----+----+----+----+----+----+----+----+
|1.00|0.00|0.00|0.00|0.00|0.00|0.00|0.00|
+----+----+----+----+----+----+----+----+
|0.00|0.00|0.00|1.00|0.00|0.00|0.00|0.00|
+----+----+----+----+----+----+----+----+
|0.00|0.00|0.00|0.00|0.00|1.00|0.00|0.00|
+----+----+----+----+----+----+----+----+
|0.00|0.00|0.00|0.00|0.00|0.00|0.00|1.00|
+----+----+----+----+----+----+----+----+


E(5600) = 103.125000 
+----+----+----+----+----+----+----+----+
|0.00|1.00|0.00|0.00|0.00|0.00|0.00|0.00|
+----+----+----+----+----+----+----+----+
|0.00|0.00|0.00|0.00|0.00|0.00|0.00|0.00|
+----+----+----+----+----+----+----+----+
|0.00|0.00|0.00|0.00|1.00|0.00|0.00|0.00|
+----+----+----+----+----+----+----+----+
|0.00|0.00|0.00|0.00|0.00|0.00|1.00|0.00|
+----+----+----+----+----+----+----+----+
|1.00|0.00|0.00|0.00|0.00|0.00|0.00|0.00|
+----+----+----+----+----+----+----+----+
|0.00|0.00|1.00|1.00|0.00|0.00|0.00|0.00|
+----+----+----+----+----+----+----+----+
|0.00|0.00|0.00|0.00|0.00|1.00|0.00|0.00|
+----+----+----+----+----+----+----+----+
|0.00|0.00|0.00|0.00|0.00|0.00|0.00|1.00|
+----+----+----+----+----+----+----+----+


E(5700) = 78.125000 
+----+----+----+----+----+----+----+----+
|0.00|1.00|0.00|0.00|0.00|0.00|0.00|0.00|
+----+----+----+----+----+----+----+----+
|0.00|0.00|0.00|0.00|0.00|0.00|1.00|0.00|
+----+----+----+----+----+----+----+----+
|0.00|0.00|0.00|0.00|1.00|0.00|0.00|0.00|
+----+----+----+----+----+----+----+----+
|0.00|0.00|0.00|0.00|0.00|0.00|0.00|0.00|
+----+----+----+----+----+----+----+----+
|1.00|0.00|0.00|0.00|0.00|0.00|0.00|0.00|
+----+----+----+----+----+----+----+----+
|0.00|0.00|0.00|1.00|0.00|0.00|0.00|0.00|
+----+----+----+----+----+----+----+----+
|0.00|0.00|0.00|0.00|0.00|1.00|0.00|0.00|
+----+----+----+----+----+----+----+----+
|0.00|0.00|0.00|0.00|0.00|0.00|0.00|1.00|
+----+----+----+----+----+----+----+----+


E(5800) = 78.125000 
+----+----+----+----+----+----+----+----+
|0.00|1.00|0.00|0.00|0.00|0.00|0.00|0.00|
+----+----+----+----+----+----+----+----+
|0.00|0.00|0.00|0.00|0.00|0.00|1.00|0.00|
+----+----+----+----+----+----+----+----+
|0.00|0.00|0.00|0.00|1.00|0.00|0.00|0.00|
+----+----+----+----+----+----+----+----+
|0.00|0.00|0.00|0.00|0.00|0.00|0.00|0.00|
+----+----+----+----+----+----+----+----+
|1.00|0.00|0.00|0.00|0.00|0.00|0.00|0.00|
+----+----+----+----+----+----+----+----+
|0.00|0.00|0.00|1.00|0.00|0.00|0.00|0.00|
+----+----+----+----+----+----+----+----+
|0.00|0.00|0.00|0.00|0.00|1.00|0.00|0.00|
+----+----+----+----+----+----+----+----+
|0.00|0.00|1.00|0.00|0.00|0.00|0.00|0.00|
+----+----+----+----+----+----+----+----+


E(5900) = 103.125000 
+----+----+----+----+----+----+----+----+
|0.00|1.00|0.00|0.00|0.00|0.00|0.00|0.00|
+----+----+----+----+----+----+----+----+
|0.00|0.00|0.00|0.00|0.00|0.00|1.00|0.00|
+----+----+----+----+----+----+----+----+
|0.00|0.00|0.00|0.00|1.00|0.00|0.00|0.00|
+----+----+----+----+----+----+----+----+
|1.00|0.00|0.00|0.00|0.00|0.00|0.00|0.00|
+----+----+----+----+----+----+----+----+
|0.00|0.00|0.00|0.00|0.00|0.00|0.00|1.00|
+----+----+----+----+----+----+----+----+
|0.00|0.00|0.00|1.00|0.00|0.00|0.00|0.00|
+----+----+----+----+----+----+----+----+
|0.00|0.00|0.00|0.00|0.00|1.00|0.00|0.00|
+----+----+----+----+----+----+----+----+
|0.00|0.00|1.00|0.00|0.00|0.00|0.00|0.00|
+----+----+----+----+----+----+----+----+


E(6000) = 103.125000 
+----+----+----+----+----+----+----+----+
|0.00|1.00|0.00|0.00|0.00|0.00|0.00|0.00|
+----+----+----+----+----+----+----+----+
|0.00|0.00|0.00|0.00|0.00|0.00|1.00|0.00|
+----+----+----+----+----+----+----+----+
|0.00|0.00|0.00|0.00|1.00|0.00|0.00|0.00|
+----+----+----+----+----+----+----+----+
|1.00|0.00|0.00|0.00|0.00|0.00|0.00|0.00|
+----+----+----+----+----+----+----+----+
|0.00|0.00|0.00|0.00|0.00|0.00|0.00|1.00|
+----+----+----+----+----+----+----+----+
|0.00|0.00|0.00|1.00|0.00|0.00|0.00|0.00|
+----+----+----+----+----+----+----+----+
|0.00|0.00|0.00|0.00|0.00|1.00|0.00|0.00|
+----+----+----+----+----+----+----+----+
|0.00|0.00|1.00|0.00|0.00|0.00|0.00|0.00|
+----+----+----+----+----+----+----+----+


E(6100) = 78.125000 
+----+----+----+----+----+----+----+----+
|0.00|1.00|0.00|0.00|0.00|0.00|0.00|0.00|
+----+----+----+----+----+----+----+----+
|0.00|0.00|0.00|0.00|0.00|0.00|1.00|0.00|
+----+----+----+----+----+----+----+----+
|0.00|0.00|0.00|0.00|1.00|0.00|0.00|0.00|
+----+----+----+----+----+----+----+----+
|1.00|0.00|0.00|0.00|0.00|0.00|0.00|0.00|
+----+----+----+----+----+----+----+----+
|0.00|0.00|0.00|0.00|0.00|0.00|0.00|1.00|
+----+----+----+----+----+----+----+----+
|0.00|0.00|0.00|1.00|0.00|0.00|0.00|0.00|
+----+----+----+----+----+----+----+----+
|0.00|0.00|0.00|0.00|0.00|0.00|0.00|0.00|
+----+----+----+----+----+----+----+----+
|0.00|0.00|1.00|0.00|0.00|0.00|0.00|0.00|
+----+----+----+----+----+----+----+----+


E(6200) = 103.125000 
+----+----+----+----+----+----+----+----+
|0.00|1.00|0.00|0.00|0.00|0.00|0.00|0.00|
+----+----+----+----+----+----+----+----+
|0.00|0.00|0.00|0.00|0.00|0.00|1.00|0.00|
+----+----+----+----+----+----+----+----+
|0.00|0.00|0.00|0.00|1.00|0.00|0.00|0.00|
+----+----+----+----+----+----+----+----+
|1.00|0.00|0.00|0.00|0.00|0.00|0.00|0.00|
+----+----+----+----+----+----+----+----+
|0.00|0.00|0.00|0.00|0.00|0.00|0.00|1.00|
+----+----+----+----+----+----+----+----+
|0.00|0.00|0.00|1.00|0.00|0.00|0.00|0.00|
+----+----+----+----+----+----+----+----+
|0.00|0.00|0.00|0.00|0.00|1.00|0.00|0.00|
+----+----+----+----+----+----+----+----+
|0.00|0.00|1.00|0.00|0.00|0.00|0.00|0.00|
+----+----+----+----+----+----+----+----+


E(6300) = 78.125000 
+----+----+----+----+----+----+----+----+
|0.00|1.00|0.00|0.00|0.00|0.00|0.00|0.00|
+----+----+----+----+----+----+----+----+
|0.00|0.00|0.00|0.00|0.00|0.00|1.00|0.00|
+----+----+----+----+----+----+----+----+
|0.00|0.00|0.00|0.00|1.00|0.00|0.00|0.00|
+----+----+----+----+----+----+----+----+
|1.00|0.00|0.00|0.00|0.00|0.00|0.00|0.00|
+----+----+----+----+----+----+----+----+
|0.00|0.00|0.00|0.00|0.00|0.00|0.00|0.00|
+----+----+----+----+----+----+----+----+
|0.00|0.00|0.00|1.00|0.00|0.00|0.00|0.00|
+----+----+----+----+----+----+----+----+
|0.00|0.00|0.00|0.00|0.00|1.00|0.00|0.00|
+----+----+----+----+----+----+----+----+
|0.00|0.00|1.00|0.00|0.00|0.00|0.00|0.00|
+----+----+----+----+----+----+----+----+


E(6400) = 103.125000 
+----+----+----+----+----+----+----+----+
|0.00|1.00|0.00|0.00|0.00|0.00|0.00|0.00|
+----+----+----+----+----+----+----+----+
|0.00|0.00|0.00|0.00|0.00|0.00|1.00|0.00|
+----+----+----+----+----+----+----+----+
|0.00|0.00|0.00|0.00|1.00|0.00|0.00|0.00|
+----+----+----+----+----+----+----+----+
|1.00|0.00|0.00|0.00|0.00|0.00|0.00|0.00|
+----+----+----+----+----+----+----+----+
|0.00|0.00|0.00|0.00|0.00|0.00|0.00|1.00|
+----+----+----+----+----+----+----+----+
|0.00|0.00|0.00|1.00|0.00|0.00|0.00|0.00|
+----+----+----+----+----+----+----+----+
|0.00|0.00|0.00|0.00|0.00|1.00|0.00|0.00|
+----+----+----+----+----+----+----+----+
|0.00|0.00|1.00|0.00|0.00|0.00|0.00|0.00|
+----+----+----+----+----+----+----+----+


E(6500) = 103.125000 
+----+----+----+----+----+----+----+----+
|0.00|1.00|0.00|0.00|0.00|0.00|0.00|0.00|
+----+----+----+----+----+----+----+----+
|0.00|0.00|0.00|0.00|0.00|0.00|1.00|0.00|
+----+----+----+----+----+----+----+----+
|0.00|0.00|0.00|0.00|1.00|0.00|0.00|0.00|
+----+----+----+----+----+----+----+----+
|0.00|0.00|0.00|0.00|0.00|0.00|0.00|1.00|
+----+----+----+----+----+----+----+----+
|0.00|1.00|0.00|0.00|0.00|0.00|0.00|0.00|
+----+----+----+----+----+----+----+----+
|0.00|0.00|0.00|1.00|0.00|0.00|0.00|0.00|
+----+----+----+----+----+----+----+----+
|0.00|0.00|0.00|0.00|0.00|1.00|0.00|0.00|
+----+----+----+----+----+----+----+----+
|0.00|0.00|1.00|0.00|0.00|0.00|0.00|0.00|
+----+----+----+----+----+----+----+----+


E(6600) = 3.125000 
+----+----+----+----+----+----+----+----+
|0.00|1.00|0.00|0.00|0.00|0.00|0.00|0.00|
+----+----+----+----+----+----+----+----+
|0.00|0.00|0.00|0.00|0.00|0.00|1.00|0.00|
+----+----+----+----+----+----+----+----+
|0.00|0.00|0.00|0.00|1.00|0.00|0.00|0.00|
+----+----+----+----+----+----+----+----+
|0.00|0.00|0.00|0.00|0.00|0.00|0.00|1.00|
+----+----+----+----+----+----+----+----+
|1.00|0.00|0.00|0.00|0.00|0.00|0.00|0.00|
+----+----+----+----+----+----+----+----+
|0.00|0.00|0.00|1.00|0.00|0.00|0.00|0.00|
+----+----+----+----+----+----+----+----+
|0.00|0.00|0.00|0.00|0.00|1.00|0.00|0.00|
+----+----+----+----+----+----+----+----+
|0.00|0.00|1.00|0.00|0.00|0.00|0.00|0.00|
+----+----+----+----+----+----+----+----+


E(6700) = 3.125000 
+----+----+----+----+----+----+----+----+
|0.00|1.00|0.00|0.00|0.00|0.00|0.00|0.00|
+----+----+----+----+----+----+----+----+
|0.00|0.00|0.00|0.00|0.00|0.00|1.00|0.00|
+----+----+----+----+----+----+----+----+
|0.00|0.00|0.00|0.00|1.00|0.00|0.00|0.00|
+----+----+----+----+----+----+----+----+
|0.00|0.00|0.00|0.00|0.00|0.00|0.00|1.00|
+----+----+----+----+----+----+----+----+
|1.00|0.00|0.00|0.00|0.00|0.00|0.00|0.00|
+----+----+----+----+----+----+----+----+
|0.00|0.00|0.00|1.00|0.00|0.00|0.00|0.00|
+----+----+----+----+----+----+----+----+
|0.00|0.00|0.00|0.00|0.00|1.00|0.00|0.00|
+----+----+----+----+----+----+----+----+
|0.00|0.00|1.00|0.00|0.00|0.00|0.00|0.00|
+----+----+----+----+----+----+----+----+


E(6800) = 3.125000 
+----+----+----+----+----+----+----+----+
|0.00|1.00|0.00|0.00|0.00|0.00|0.00|0.00|
+----+----+----+----+----+----+----+----+
|0.00|0.00|0.00|0.00|0.00|0.00|1.00|0.00|
+----+----+----+----+----+----+----+----+
|0.00|0.00|0.00|0.00|1.00|0.00|0.00|0.00|
+----+----+----+----+----+----+----+----+
|0.00|0.00|0.00|0.00|0.00|0.00|0.00|1.00|
+----+----+----+----+----+----+----+----+
|1.00|0.00|0.00|0.00|0.00|0.00|0.00|0.00|
+----+----+----+----+----+----+----+----+
|0.00|0.00|0.00|1.00|0.00|0.00|0.00|0.00|
+----+----+----+----+----+----+----+----+
|0.00|0.00|0.00|0.00|0.00|1.00|0.00|0.00|
+----+----+----+----+----+----+----+----+
|0.00|0.00|1.00|0.00|0.00|0.00|0.00|0.00|
+----+----+----+----+----+----+----+----+


E(6900) = 3.125000 
+----+----+----+----+----+----+----+----+
|0.00|1.00|0.00|0.00|0.00|0.00|0.00|0.00|
+----+----+----+----+----+----+----+----+
|0.00|0.00|0.00|0.00|0.00|0.00|1.00|0.00|
+----+----+----+----+----+----+----+----+
|0.00|0.00|0.00|0.00|1.00|0.00|0.00|0.00|
+----+----+----+----+----+----+----+----+
|0.00|0.00|0.00|0.00|0.00|0.00|0.00|1.00|
+----+----+----+----+----+----+----+----+
|1.00|0.00|0.00|0.00|0.00|0.00|0.00|0.00|
+----+----+----+----+----+----+----+----+
|0.00|0.00|0.00|1.00|0.00|0.00|0.00|0.00|
+----+----+----+----+----+----+----+----+
|0.00|0.00|0.00|0.00|0.00|1.00|0.00|0.00|
+----+----+----+----+----+----+----+----+
|0.00|0.00|1.00|0.00|0.00|0.00|0.00|0.00|
+----+----+----+----+----+----+----+----+


E(7000) = 3.125000 
+----+----+----+----+----+----+----+----+
|0.00|1.00|0.00|0.00|0.00|0.00|0.00|0.00|
+----+----+----+----+----+----+----+----+
|0.00|0.00|0.00|0.00|0.00|0.00|1.00|0.00|
+----+----+----+----+----+----+----+----+
|0.00|0.00|0.00|0.00|1.00|0.00|0.00|0.00|
+----+----+----+----+----+----+----+----+
|0.00|0.00|0.00|0.00|0.00|0.00|0.00|1.00|
+----+----+----+----+----+----+----+----+
|1.00|0.00|0.00|0.00|0.00|0.00|0.00|0.00|
+----+----+----+----+----+----+----+----+
|0.00|0.00|0.00|1.00|0.00|0.00|0.00|0.00|
+----+----+----+----+----+----+----+----+
|0.00|0.00|0.00|0.00|0.00|1.00|0.00|0.00|
+----+----+----+----+----+----+----+----+
|0.00|0.00|1.00|0.00|0.00|0.00|0.00|0.00|
+----+----+----+----+----+----+----+----+


E(7100) = 3.125000 
+----+----+----+----+----+----+----+----+
|0.00|1.00|0.00|0.00|0.00|0.00|0.00|0.00|
+----+----+----+----+----+----+----+----+
|0.00|0.00|0.00|0.00|0.00|0.00|1.00|0.00|
+----+----+----+----+----+----+----+----+
|0.00|0.00|0.00|0.00|1.00|0.00|0.00|0.00|
+----+----+----+----+----+----+----+----+
|0.00|0.00|0.00|0.00|0.00|0.00|0.00|1.00|
+----+----+----+----+----+----+----+----+
|1.00|0.00|0.00|0.00|0.00|0.00|0.00|0.00|
+----+----+----+----+----+----+----+----+
|0.00|0.00|0.00|1.00|0.00|0.00|0.00|0.00|
+----+----+----+----+----+----+----+----+
|0.00|0.00|0.00|0.00|0.00|1.00|0.00|0.00|
+----+----+----+----+----+----+----+----+
|0.00|0.00|1.00|0.00|0.00|0.00|0.00|0.00|
+----+----+----+----+----+----+----+----+


Final E = 3.125000 Total Iteration=7160
+----+----+----+----+----+----+----+----+
|0.00|1.00|0.00|0.00|0.00|0.00|0.00|0.00|
+----+----+----+----+----+----+----+----+
|0.00|0.00|0.00|0.00|0.00|0.00|1.00|0.00|
+----+----+----+----+----+----+----+----+
|0.00|0.00|0.00|0.00|1.00|0.00|0.00|0.00|
+----+----+----+----+----+----+----+----+
|0.00|0.00|0.00|0.00|0.00|0.00|0.00|1.00|
+----+----+----+----+----+----+----+----+
|1.00|0.00|0.00|0.00|0.00|0.00|0.00|0.00|
+----+----+----+----+----+----+----+----+
|0.00|0.00|0.00|1.00|0.00|0.00|0.00|0.00|
+----+----+----+----+----+----+----+----+
|0.00|0.00|0.00|0.00|0.00|1.00|0.00|0.00|
+----+----+----+----+----+----+----+----+
|0.00|0.00|1.00|0.00|0.00|0.00|0.00|0.00|
+----+----+----+----+----+----+----+----+


+----+----+----+----+----+----+----+----+
|0.00|1.00|0.00|0.00|0.00|0.00|0.00|0.00|
+----+----+----+----+----+----+----+----+
|0.00|0.00|0.00|0.00|0.00|0.00|1.00|0.00|
+----+----+----+----+----+----+----+----+
|0.00|0.00|0.00|0.00|1.00|0.00|0.00|0.00|
+----+----+----+----+----+----+----+----+
|0.00|0.00|0.00|0.00|0.00|0.00|0.00|1.00|
+----+----+----+----+----+----+----+----+
|1.00|0.00|0.00|0.00|0.00|0.00|0.00|0.00|
+----+----+----+----+----+----+----+----+
|0.00|0.00|0.00|1.00|0.00|0.00|0.00|0.00|
+----+----+----+----+----+----+----+----+
|0.00|0.00|0.00|0.00|0.00|1.00|0.00|0.00|
+----+----+----+----+----+----+----+----+
|0.00|0.00|1.00|0.00|0.00|0.00|0.00|0.00|
+----+----+----+----+----+----+----+----+

