*** k = 0 ***
0.39 0.69 0.03 0.16 0.76 0.24 0.58 0.12 0.88 
0.10 0.58 0.52 0.09 0.46 0.05 0.38 0.84 0.28 
0.36 0.62 0.39 0.92 0.60 0.28 0.59 0.10 0.69 
0.42 0.92 0.06 0.64 0.37 0.29 1.00 0.73 0.07 
0.11 0.90 0.95 0.10 0.49 0.86 0.28 0.42 0.93 
0.92 0.33 0.77 1.00 0.52 0.79 0.14 0.22 0.18 
0.79 0.44 0.20 0.87 0.50 0.80 0.14 0.94 0.22 
0.57 0.92 0.81 0.52 1.00 0.39 0.32 0.56 0.35 
0.42 0.18 0.05 0.29 0.75 0.46 0.59 0.19 0.83 

*** k = 1 ***
0.39 0.69 0.03 0.16 0.76 0.24 0.58 0.12 0.88 
0.10 0.58 0.52 0.09 0.46 0.05 0.38 0.84 0.28 
0.36 0.62 0.39 0.92 0.60 0.28 0.59 0.10 0.69 
0.42 0.92 0.06 0.64 0.37 0.29 1.00 0.73 0.07 
0.11 0.90 0.95 0.10 0.49 0.86 0.28 0.42 0.93 
0.92 0.33 0.77 1.00 0.52 0.79 0.14 0.22 0.18 
0.79 0.44 0.20 0.87 0.50 0.80 0.14 0.94 0.22 
0.57 0.92 0.81 0.52 1.00 0.39 0.32 0.56 0.35 
0.42 0.18 0.05 0.29 0.75 0.46 0.59 0.19 0.83 

*** k = 2 ***
0.39 0.69 0.03 0.16 0.76 0.24 0.58 0.12 0.88 
0.10 0.58 0.52 0.09 0.46 0.05 0.38 0.84 0.28 
0.36 0.62 0.39 0.92 0.60 0.28 0.59 0.10 0.69 
0.42 0.92 0.06 0.64 0.37 0.29 1.00 0.73 0.07 
0.11 0.90 0.95 0.10 0.49 0.86 0.28 0.42 0.93 
0.92 0.33 0.77 1.00 0.52 0.79 0.14 0.22 0.18 
0.79 0.44 0.20 0.87 0.50 0.80 0.14 0.94 0.22 
0.57 0.92 0.81 0.52 1.00 0.39 0.32 0.56 0.35 
0.42 0.18 0.05 0.29 0.75 0.46 0.59 0.19 0.83 

*** k = 3 ***
0.39 0.69 0.03 0.16 0.76 0.24 0.58 0.12 0.88 
0.10 0.58 0.52 0.09 0.46 0.05 0.38 0.84 0.28 
0.36 0.62 0.39 0.92 0.60 0.28 0.59 0.10 0.69 
0.42 0.92 0.06 0.64 0.37 0.29 1.00 0.73 0.07 
0.11 0.90 0.95 0.10 0.49 0.86 0.28 0.42 0.93 
0.92 0.33 0.77 1.00 0.52 0.79 0.14 0.22 0.18 
0.79 0.44 0.20 0.87 0.50 0.80 0.14 0.94 0.22 
0.57 0.92 0.81 0.52 1.00 0.39 0.32 0.56 0.35 
0.42 0.18 0.05 0.29 0.75 0.46 0.59 0.19 0.83 

*** k = 4 ***
0.39 0.69 0.03 0.16 0.76 0.24 0.58 0.12 0.88 
0.10 0.58 0.52 0.09 0.46 0.05 0.38 0.84 0.28 
0.36 0.62 0.39 0.92 0.60 0.28 0.59 0.10 0.69 
0.42 0.92 0.06 0.64 0.37 0.29 1.00 0.73 0.07 
0.11 0.90 0.95 0.10 0.49 0.86 0.28 0.42 0.93 
0.92 0.33 0.77 1.00 0.52 0.79 0.14 0.22 0.18 
0.79 0.44 0.20 0.87 0.50 0.80 0.14 0.94 0.22 
0.57 0.92 0.81 0.52 1.00 0.39 0.32 0.56 0.35 
0.42 0.18 0.05 0.29 0.75 0.46 0.59 0.19 0.83 

*** k = 5 ***
0.39 0.69 0.03 0.16 0.76 0.24 0.58 0.12 0.88 
0.10 0.58 0.52 0.09 0.46 0.05 0.38 0.84 0.28 
0.36 0.62 0.39 0.92 0.60 0.28 0.59 0.10 0.69 
0.42 0.92 0.06 0.64 0.37 0.29 1.00 0.73 0.07 
0.11 0.90 0.95 0.10 0.49 0.86 0.28 0.42 0.93 
0.92 0.33 0.77 1.00 0.52 0.79 0.14 0.22 0.18 
0.79 0.44 0.20 0.87 0.50 0.80 0.14 0.94 0.22 
0.57 0.92 0.81 0.52 1.00 0.39 0.32 0.56 0.35 
0.42 0.18 0.05 0.29 0.75 0.46 0.59 0.19 0.83 

*** k = 6 ***
0.39 0.69 0.03 0.16 0.76 0.24 0.58 0.12 0.88 
0.10 0.58 0.52 0.09 0.46 0.05 0.38 0.84 0.28 
0.36 0.62 0.39 0.92 0.60 0.28 0.59 0.10 0.69 
0.42 0.92 0.06 0.64 0.37 0.29 1.00 0.73 0.07 
0.11 0.90 0.95 0.10 0.49 0.86 0.28 0.42 0.93 
0.92 0.33 0.77 1.00 0.52 0.79 0.14 0.22 0.18 
0.79 0.44 0.20 0.87 0.50 0.80 0.14 0.94 0.22 
0.57 0.92 0.81 0.52 1.00 0.39 0.32 0.56 0.35 
0.42 0.18 0.05 0.29 0.75 0.46 0.59 0.19 0.83 

*** k = 7 ***
0.39 0.69 0.03 0.16 0.76 0.24 0.58 0.12 0.88 
0.10 0.58 0.52 0.09 0.46 0.05 0.38 0.84 0.28 
0.36 0.62 0.39 0.92 0.60 0.28 0.59 0.10 0.69 
0.42 0.92 0.06 0.64 0.37 0.29 1.00 0.73 0.07 
0.11 0.90 0.95 0.10 0.49 0.86 0.28 0.42 0.93 
0.92 0.33 0.77 1.00 0.52 0.79 0.14 0.22 0.18 
0.79 0.44 0.20 0.87 0.50 0.80 0.14 0.94 0.22 
0.57 0.92 0.81 0.52 1.00 0.39 0.32 0.56 0.35 
0.42 0.18 0.05 0.29 0.75 0.46 0.59 0.19 0.83 

*** k = 8 ***
0.39 0.69 0.03 0.16 0.76 0.24 0.58 0.12 0.88 
0.10 0.58 0.52 0.09 0.46 0.05 0.38 0.84 0.28 
0.36 0.62 0.39 0.92 0.60 0.28 0.59 0.10 0.69 
0.42 0.92 0.06 0.64 0.37 0.29 1.00 0.73 0.07 
0.11 0.90 0.95 0.10 0.49 0.86 0.28 0.42 0.93 
0.92 0.33 0.77 1.00 0.52 0.79 0.14 0.22 0.18 
0.79 0.44 0.20 0.87 0.50 0.80 0.14 0.94 0.22 
0.57 0.92 0.81 0.52 1.00 0.39 0.32 0.56 0.35 
0.42 0.18 0.05 0.29 0.75 0.46 0.59 0.19 0.83 

